75 78 81 82 80
14 15 18 21 24 26 28 28
61 63 64 66 68 70 73 77
13 14 17 18 19 26
33 34 36 36 39
62 61 62 63 65 67 68 71
6 6 9 11 12 13 16
22 26 29 30 31 32 34 36
79 83 81 84 86
14 19 20 22 25 27 29 31
10 16 13 15 16 19
79 76 74 73 70 73
13 12 11 9 9
53 51 49 47 43
59 58 55 52 50 47 46 39
80 77 76 76 74 73
31 34 33 32 31 29 26 24
32 34 30 27 25 23
30 30 27 26 25
58 54 52 50 48
92 86 85 83 80 78 75
72 67 69 68 65 63
47 48 50 53 52
49 50 53 54 56 57 57
43 46 47 49 52 56
84 85 86 87 88 91 96
55 58 60 60 63
62 59 61 63 65 67 70
45 45 47 50 52 54 57 58
21 25 28 31 33 36
49 53 51 52 53 55 56
61 68 71 74 76 77 78
30 27 26 24 22 24
32 30 28 26 24 22 22
46 44 43 41 39 35
65 62 60 59 57 52
22 20 17 14 11 13 10 8
35 34 31 29 29 27 26 24
21 23 22 19 17 16
50 52 50 53 56
24 27 23 22 20
20 20 17 15 12 9
25 21 19 16 14 11
38 34 37 35 34
55 48 46 44 41
63 61 59 57 54 51 50 46
86 84 81 84 79
10 9 10 12 13 15 16
64 63 62 60 58 60 56
52 57 54 55 56 57 59
53 57 59 60 62 65
72 74 75 76 77 78 82
30 28 25 23 21 18 16 17
30 31 34 39 37
86 83 82 81 79 76 71
32 33 33 34 37 40 43
85 85 82 80 79 78 76
79 81 77 74 72 71 70
31 34 32 30 29 27
10 10 11 13 16 19 21
18 14 11 8 6 4 3 1
51 50 47 44 42 40 38 38
53 46 45 44 42 39
76 72 73 72 70
8 11 14 17 19 22 20